                    Mass Transportation Data
            (Questions: 4.9, 5.12, 6.9, 7.5, 8.9)
---------------------------------------------------------------
   1121625 1 8161111111111232433344224211134334425111213653181
   212201616122033334444455521244341341221432435252211016.5161
   316 9122020105433211111113224424234212224434225211202415231
   4 916 91612151223445555555215553245222154424415111313654161
   51520 3 1 3201122333444454445413444222344123245211204315481
   61015152012255555555555554224425141142142222544111222225251
   7 9 916 116 85555544444215224545244232444443226111202645151
   81212 42016164444555555554224424244242243242126111303565251
   920 91210151511222335555543343551242242224345741113032241.1
  10121212 425 95433223345553224443234322333423326111201445.21
  112020 92025 .5555555555555245545155222224424435111313664281
  1215201210 6201111122233445224524224242342234524111212663181
  13121212 912122233344444554234433233322333233343111202653281
  1415151215 92512233445555522225334323421221322122214046.1011
  1515 9 42012 82233455555554124524244312254232432211202662141
  16122010 412202334444555555214445134344132323524111212214242
  17 825252016251111111111111234445122122244424555111102225.61
  1815201616 6161133555555555244444224222244444545111313425361
  19 3201225 9 511234455555542254441442223422444362.1101655141
  202525 125 1251111111111115454155111155112555554111222222261
  21 9201625 9201122223333335114553155311151525336111201622181
  2216162515161511112233334411144441153221344254452211012.5141
  231216151525202222333334443323434224222242224433111202551281
  2412 6 5 620203334445555554222545151111144323533111222541161
  25 . . . . . .33333311111151244141221141524331252222022.5012
  26121612 6 9162233344445553233424234233343343433111201631131
  271512 5 8252011111333344552544351451223532235352212014.5171
  28161216 3251633344455555552234251341221422235641212026.5281
  292015 92520202245555555554114554255211342424425111232655131
  3012252525 4201111111222224224414144211144121543111213645161
  311210 616 8121112233445554522544125224444244445111504524331
  322012 412 41255544332221142224244443222342334452213152.5331
  331620 1 1 . 21111111111112224435234222224443416111202435141
  34 .25 .20 92011223444555542245543.33224424344221211016.20.1
  351225251212251111222334455224424545211422252575111202235281
  362020151216161122233344443343244223223232444435111202325151
  37 91512 916 51223344445554434244224222134344423111222233.31
  38162512 325122222222222222424345124222222323515111212665272
  39 . . . . . .............41244422414121442442.6111202535061
  4012 9 91212 93322111111114424455224222242424235111202445151
  4112252516 82511122234455552345351341421543335232211016.2141
  4215201625252545555555555532224451353421422235742211215.5131
  431612 .1216201112223345552214444124222123223443111242652181
  442520 6 816 83445555555554224535144222243243543111223655181
  4516161625252522344455555542155241551121523245452211014.5161
  46 4 9 925 6201123455555554222425125255124252545111202315151
  471616 9 520 522234444444442444232442223442244252211013.5181
  4812 81515151511112223345541225342352112432434222215054.5381
  491015 62010 62222111111115121124121111155511523211233443252
  5016 6 9 116 63445555555554214443224322342324326111202665141
  5125252525252555555555555552255555551111515155.5211201645.41
  52121616 4 6165555555555552115545134211313315455211201325121
  5320251015122533322211111152244252441421542225422211116.2132
  5412 9 .2025151111123445553424424542222553222424111214624281
  5512121515161555555555555532234332343232432433231212036.1141
  562025 420 1251...........52445444554225424444362221001.5112
  57121612 512151123334445554234334234322342423423211222224261
  58 8201615 3161111111222224222421234222442242422111202651131
  592016202016253322211111113452355134252134535544211202323261
  602525 925252555555555555521145551251112555135.62221001.5021
  612512162512163334455555555235355132122143323544211424453281
  6225 1 1 2 1 111111111111.32243341141111224444261211031.3021
  6325202025252534555555555532145433453223432233762212026.5151
  641212161212 41111111112224124545145212154224434111233434181
  652520 925162011223344445541125351351211543115.62211016.5041
  66 3 4 4 3 3 522345555555.4124444232242254444455111405645481
  672012 925202533333333333352355441341223444341342212024.2131
  68 . . . . . .3...........5224444222222234443516111301.13012
  6920 9 9 816123334444444444224434244222242243444111231663141
  7016 9 9121616445555555555...............4424415111202665281
  7115161212 9 91222222222224244345244223232525555111202665272
  7225152525252533344444444441135141351113.4212246111203535221
  731516 91620153334444445555114553235311353414244111423535281
  742512 415201511223334455542145451541121532455461112014.5031
  75 8121220122011111111111142422251142222222434.5211202445181
  7616121615101012344445555542234241342121432324642211015.1151
  771620202512123334445555554222424144222151243434111223252171
  78 61212 4 6 8............5124443234322234424426111202655.71
  79 6161620 6163444445555554222454224222244424435111201555181
  8012 8 620 9125544333221113432323324311353223452211202221221
  81 325251512251111111111112242443124311124424364111303545181
  822016 9 315 .33444445555542145333452112242121542223014.5211
  83 6161616 61222223334444452314352343312142344221211014.4141
  8420201620202053333445555542244541442514514244.62211012.5011
  8525121620 92011345555555542342451145521123445462211012.3011
  86 9201625202022222222233442245535543221424543651112.2125181
  87 9251625 9253344445555554224434135223132444555211203245281
  8812 9 6 9 9 92233444455554225544224222224424465111202435171
  891612 8 816 833344445555542424322443223442324321213035.4381
  9016 8121625154555555555552414131131151124323544111222544142
  91 82520 6 4121111112233442222445125212144444545111303644381
  9216 9 92516161111111111114222.2422.2443342221341112012232.1
  93152525 115251111111111114114551155411554515143111222662181
  942516152025255555555555555123543144311152323334111222653161
  951612 916 8121112223333.442234342342222333434122211016.2111
  9615 6 920 3 55555555555553422321112122124223574111223265151
  971620 91610251112334.555522234142453223531234322212015.1011
  98 4 9 616 612....4.......42424441142221224244.6111202413021
  991516 916151233344445555551155251531333522225552222013.3241
 1001216161216203333344455552223535245211254323414211212464281
 1011212 .16 9201111112333444243245124122122545524111223562271
 102122020 812161112223345554224255223243142535445111213225281
 103 91220 9 4151112222334553124554125311144424235111213544281
 1041512151525151112223455555124135125111114343545111304424281
 105152525 5151011111111111142444242424222423232631212035.5181
 106 . . . . . .3334455555554324343244322144424336111202543181
 107 9251525202522334445555552244251322222322334332211124.2131
 1082516122020202355555555552432245123142412224534111222124131
 109 9252525 4251123344455553322314113112223223474111223125151
 1102025202025251123345555554114555134212323424442211203351241
 111 41612 1 4161111111111114114555152442454424555111304425381
 112 32525 3 3251222.33333444423352515311144535445111202623281
 1131612 612 4 94433222111114134535122152122243553211313653251
 11420161516201233444445555542224452242222433234421214144.5481
 11512121012122044444455555551244241241121422221331212005.5121
 11625202520252523344455555541244253433423442223622213144.5261
 117101216 120123333333344554115524143311253214433211223415181
 118201216 515202233445555552224424224242224424452211202541232
 119 1252525 916............41245451341224224255.6111201435.31
 120 916 .2012204432221114444234554123224112255435211202465151
 121121616 . 92011111111111151225421254111.4244235111201655181
 122 3162016 6201111133344554224444234222244424425111302435271
 123151525 3151555555555555523124351151111423155.4111323433181
 124252515 .15202334445555555114555134122242425565111201245161
 1252012 91225203333344444444224444125222222222435111202335271
 1261612 810151544444444555542254242222223432224252211013.5151
 127 3251515152511123334555542433555235535335355451212021.5241
 1282516 4 5 4103334444455555224345124321143423553211222643251
 12915122016202522344455555552344442242322243244222213045.5281
 1301616 9 916165555555555554224444234222142324456111211645071
 13120 9 425252523344444444452245333353224242243352213022.5252
 1322516 9 5 4151122334444555234553115311124424473111202663281
 133 1 1 1 1 1 11111111111115115515115111245515125111203125141
 13425 2 925251655555555555532244343353221352344252212014.4161
 13516 91525 6202222222222225122444114154133344532211212212241
 1361216 91612203333455555554322325224222242222545111303224151
 137 91625 8161211223444444442224451451222422445231212026.2141
 1381010 415 61543211111111151333132233331321334422212022.5132
 139121615 615161112222223334234444125232252323444111222432161
 140122020 325 54445555555555115544222553123344523111212643171
 14125 8162525255555555555555125535114111254213554111202432281
 142 916 616 91622233344444532334251111411422334621214225.5381
 143121616 920123334444445555115555155411155424435111302555381
 14415 916 816 833344555555542245252342222531324421212024.5121
 1452012 9 910103344444555554234445134112122344455111303625161
 14620 9121220 44444444555555222555124111154455543111211515161
 147121515 5122544444555555551242355211121312235432211015.5141
 1481225152016201111222334455112525145111155212575111406445361
 149151215 5 .161111111113442243445124211144244445111222645181
 150 9162525 8 911111111111132233242442222332334542213134.5261
 151 9 8 6 812 .4444555555554223334232232344243355111212325161
 15216 9 825 4121111111111112242545232422142224435111414544251
 1531225201212203334445555555224544134211123424455111313665281
 154122020161220222223334455411112512111114222.575111203535171
 1551616161616152223344455553215545145112155324534111232644161
 1561616 9151615555555555555...............1424565111302223141
 157121612 620102233445555553124444243342433424435111202655251
 158 91620 4 4 82223333444444213445.24111.2422.544111323665281
 159162525 616254433322221114115434224211244323242211202445251
 16025152525251544555555555551115151551111521115551213024.5281
 161 9 8121615122233334445553224545145211144224425111212642281
 162161520 915101122333445555125443345311214324374111222652161
 16312252020121512222333445552155351442112442234332211112.5131
 16420 9 91216164333211111114224424344242344222434111233413251
 165 . . . . . .............42424432242321223233.61211014.5041
 1662525202025251122333444455115525135122132123543211233465141
 16716 915 4 91222333334444442124241221221542525442113234652.1
 16825 3 9 125255555555555555115555125111115515544111313413171
 16920201515152533444455555542224342242222422234442211014.2031
 170151615 6 9202222233444444223433125312242323244111212655181
 171 92020 5202533333333333343355352355443.54435542222231.52.1
 17225202020162554433222111153255352342332424344352211016.5132
 1731215161212161123334445554212541124212212444523211202354271
 1741225 61216152222222222224224534125322343243365111313655181
 17512 .2520 9251111111112224224545132212143223545111202535281
 17620 .121020 .22345555555552232151151431421315332211015.3131
 1772012161525102334555555554224434224222242324435111202125151
 17815 9 9 325 355555555555551245251251111111115.5111304615181
 1792025202015121123344455554124425224211244222445111405555281
 1802516 916 81244445555555533343233333.53321533152221001.5012
 181 9202012 9251123344444444124555135111253324565211202635281
 18225162520 92543322111111153354433333332333333342212126.2282
 183 52525 5152522222223333341224242242222222224742112023222.2
 184 . . . . . .11111111111142445445442111242244.6111202115041
 1852525 92525251111111111114224445244244234443425211313455281
 1861625202012203334455555552325434243222244223533211212225271
 18712122516 2163344455555555115524134214331223445111223633271
 188 61516 4 3152222222222224243455124122132422574111212552171
 18912202520 8251111111111122222224235222144342143111202323131
 190 6 8 2 8 4105555555555554223434142322131334455111413625181
 19112 8 61010 .11113444555542344131443423431333231212014.1122
 1922525152515165555555555555312334444222343343453222201442021
 193 91212 812101111111111114223543134311134234315111302655.81
 19416161616 91611112222233342244442342222434244361112011151.1
 195 125 4 4 11033332222222222353133333432322333622213414.21.2
 19625252510151053222222222233544233343133341334331211016.2132
 197 . . . . . .111111111111422444423.242222424435111201315141
 1981212 4 612122222233333333223424234222233242443111212442121
 19920 91210161023455555555543442252322522222425352211016.5141
 200 9201215 420...3333333333355155224243233555545111202412141
 201 61210 415122222222223332212525425111434233223111232215141
 20212161515122533445555555533354233311221333325342211013.5131
 20312251016 6161112333445555144555135311144224345111202645181
 204252515 4252555555555555522222242352222344245452211013.3131
 20512 .2520 61611111111123342244541242215435344241213036.1221
 20616161212121212345555555542145241352112442134342211016.1141
 2071212 812 8 633345555555542343343342223333234222212024.1011
 2082525201025201245555555552214115112122122221544111202465262
 2092525 .2525 .52211111111151155452245422442445342211.12.5121
 2101612 4 9151611111111111151544355345213443235442213022.5231
 2111215 820 9162333323345554232345125122142132425111202125141
 212 21612 4 2121111111111115115551151241154545265111203223181
 213 61212 8 6153333444555554224244112244152424445111202545151
 21412201212 .1011233345555542245252342213422224332112023.4251
 215 616202016 53333334444453121424141131152114463111222565281
 21616 9 9 9 9161233444445554234524134132243434573111303435361
 21712161610 8105555555555554122443124322222224364111213655181
 218151216 6251033344445555543222441251111522125321211014.2131
 2191215 91620202223333333332444245124222223324445111202125141
 2201625252512 51111111111114342533145311132313344111414665181
 2211620 810 82043322221111141155351351112142425.5111201311031
 2221220202012101111222223334123415233222322222432211222322241
 223 1 1 1 1 1 11111111111114124532524322343324275111201554271
 2242512122025121223344555552212411115111155111543111301425241
 225 916121516162334444555555224454144221214224465111202445271
 22616151212161644433222111131145543342213424243351113025452.1
 2271516161210202233344555554224155534222244425555111202625171
 22815252510 9253455555555514142535145111144153544111233662181
 229151615 625153333333344454114534134222344224445111423665281
 2302525 92525252225555555553234125234321333223355211202225271
 231 9252520 9121111112222222114535134123144242545111302663281
 232 32525 9201511111111111143124421254111324232552211.14.5121
 2331216201216 .1112222333334222442214222224243355111202444161
 2341216 3 2 3 911111333333351155241552211551135141212126.3251
 235 9 9 6 4 2 93333333333334224434134322132423334111234442271
 2361220201625202445555555554214544124212152224455111304643381
 2372520162520 51122345555555354455145222142424474111624435151
 238121620 816 83333334444444112435144111144224454111314545381
 239 91625 920 82223334444555113543135211152213545111302542281
 24025162025122012345555555542233451215552234555232213124.5161
 2411515152020203344444555554124444135111154224475111323435281
 2421525 925252525555555555522224551221411242155531211016.2151
 243201620 510151111111223445124534135311152223445111303625181
 24420252525202533344444555541255451342112422125432211014.4131
 245151616152510............41245432.53112222443.6111202545081
 2462016162516164432222222224135535122112123444553111122445251
 24720 9 92520 .11223334455542144.5135211253313235211201445271
 24816252515162533444455555551545451142551414245.5211201535231
 24915151025152522222445555542325551151111435145741211016.3151
 250122025 525101111111111112213544134321155414435111222554181
 251 8201615 8201112233334554124425132233242222523211203341251
 252151612 9122011222333333442234432242222422432221212026.2021
 2531225 9 3 910222233445555322424523434234.....43111213..22.1
 254252525 1 1251111111111111211111111154111555555111225625181
 255 12525 1 1251111111111113144155111152112545433111344663261
 256 . . . . . .............23223342242222332443.62224134.5211
 25725 9 8 520 83334445555555124434245221324222462111212525271
 25820121216161211123455555522224551351322242355241211324.5151
 2591212 920 8202233344444555224355125122124324155111303425271
 260 9161212 8201222334455553224435153242544234525211404455471
 261 9162012101055555555555552145451451112542245451212014.5151
 2622020201516251234455555554323442115322242224353111222563281
 2632020162020251134555555552443455122121144524564111212442281
 264252025252525555555555555521553.1352221443234342211013.3121
 2652020 915 9252221111111115224445135122144424534111213335281
 266 . . . . . .55555555555552255153243223342.1335111113622162
 26712 6 812 .124245321143315453534454434545145335221101..40.2
 2681612121516155555555555554224434544232534343445111212635.71
 269102020 410 41122344555552222555125211144524445111202644181
 270 . . . . . .1112224455554125555144321142525436111202545071
 27116251625 1251111111111114424244234322442424425111303425121
 272 616121525252222334445553234434234242224232475111202124141
 27312251210 82011223344555542355252241132223435352113021152.1
 274 2 3 525 2 511111111111122432554223223325213551112.23352.1
 27525251212 6155553311111115225513345312435132335211202614122
 276 6201625 8251111111222222422445124112122421154111202443281
 2771012 925 9 354.3333.11115214421134212124433164212411423242
 278 916152512252222223333333434335125122134423445111222443281
 279 41620 3 3121111111111115114555123214154444453111222445161
 280 9161212 6162211111111111314435144143244323433111122224151
 28116 9 625202033344455555543343241342222234354421212022.5131
 2821616 9 6 4 .3311111111114334324233232244523565121201245131
 28312 9 91612121111233334453332324224222243223435111202325..1
 284 515 51215 911111111122222442155422221322223622212145.4331
 2851612251615163333444445554224434235211214233243111212622151
 2861620 91516201555555555554225215122132133431454111413444252
 287 82016 612202233344444442122424244222344243433211202555251
 2882516122520 .222221111111...............4414526111202265031
 28915 9 91515152233455555553115544334321344233326111201225031
 2902520 52525255555.22.111152555351551155.5555535111505435143
 29125 916252520............4.3554533455535344553.111..3..5.31
 29225 8 92516164555555555555114455145111354525554111222443281
 2932520122025162233444555554224435234144342334545111413225341
 29416 616 9162512223344455542244212244424222244.52112.1335131
 2952012121212122333344444454324425124122153222554211313415351
 2961210162025 .1122334455555155225155122415215545111212265261
 297 3201620122511222233333351442111251111224255531212.14.5121
 2982525152520251122222233455115545125111144243134111222225241
 2991212 925 9121122223344555124554545211154544445121303655081
 30025 916 916124445555555554224434532222242223443111222552271
 30116 412 925 93455555555554121435234222253223343111212662262
 302 515252525255555555555554252145122122114444565111202555281
 303 9161212 8 92222334444444222325543322144223433111222334281
 3042025201020251122334455555114425143131244242534211413663361
 30512201220121223344455555523423442242212244245.6111202655061
 3062020152520152445555555553223434245322244424535211301362381
 307252515 915203344445555554224445132142132334473111212563271
 308201212 5251534455555555542145351352111433235642211114.2151
 30916252525 32511.3455555555144155211123122525465111212435181
 3101220151612162223333333334224425121252244243554211221325132
 3111616 3 520101111122222344114444144111344112535111202625151
 3122520202525 54455555555555124534242222253243344111253652151
 3132510 32525255555555555555222325115111132232554211313445251
 314 612 8 912151111112223334112424255211254212415111211455181
 31525252525201511222333333352351451311521444434652114042353.1
 31616201625162043322355555552345242442222332424.6111201115032
 317152525 5161512445555555542224341332223333245231112224322.1
 318122020 9 6201233344555554114534124211254215465111212544171
 31912252525121511223333455522224441242211412135751112326652.1
 320 9202512 6161111122233344233454434222243434435111323555181
 321 4 4 410 4 41...........52355333334.154.1.1126112200..3.12
 3221212 4 8 .163211111111112344344224242342243475111202125151
 3231620202015164332221111114214444125221222215534211212112141
 3242515152525254433221111114524424234332114522522.223034.5131
 32520151210 5 55553333221114434413234352344233413111222342252
 3262016 .15201544445555555542325233343223442233532212026.1241
 32715201515201555555555555551254251441321411.22.5111202125041
 32816 . 1 125 44...........5224445245222444424425111211335121
 329 42525 1 4161122344455553222444534222242223315211201455281
 330 8 4 3 515 52233344455555124225122242224222455111202435151
 331251612 5251555555555555.1115553335315535313345121112.65152
 33220161216 1 811111111112234443241141321423234541113145251.1
 333251616 61212....3334555542224251.42221422234521212035.52.1
 334 41612 4 510111334445555224232424521.2.52435721.1202443131
 3352012121520205555555555555125545144242143224475111323645161
 33612161520 .153344555555555245445144221244222435111201425171
 337 91616 6 9153334444555554224323224321254222345111202625161
 3381616 4 4 31633555555555542144342442222424244352112024.52.1
 33912161516 81222222222334432324.4434222244.4.4541211.2..31..
 340 .1612 91212455555555555233323223222233333432.212201313231
 34120 2 6 125 54445555555554234523244322224222562221202445132
 34212201525 6121112223333334324445125211243523554111222521141
 343151516252025112334455555.4441252342222331324.22213.2.45141
 344 . 520 . 5 5.....4......4224455134244232535455111202225141
 34520252525252511111111111142323251331322321335332211014.1151
 3461216 1 1 116111111111111233323422424.222444415211201215131
 34712201616 4 82223444555554224444224222244444444111222624151
 348 6 6 5 1 925444442222222212354334532355.....35111202333141
 349 52525 9 5101111111111114224354225222122545453111202543271
 35015151215151533344445555542354242342222242424.6111202135021
 35116 82015251523344445555542244551222322422424452113144.5361
 35216202020201522233444455543344242332323443224522213254.5181
 353121616 5 91233444455555542144451453222443334741111335441.1
 35412161210201233334555555522244341422121244444262114043653.1
 355121516 .202022333445555541423251251422242225322211016.5131
 35616 91625 9154444555555555224424234222223222444211222365261
 35712252516 92522222222222242243551244221242254342212026.5081
 35825162020201022233334455543344451241111323234742212134.5131
 359162020 5 9202344444555555123415131141144445565211314224381
 36025121615121533344555555542324251342222542434722213035.2331
 3612016 92512164443332222225125535154311233432253111202223031
 36216252020 8151234555555554324245242244234244554211211244242
 3632025162525152344455555552222214115321124113445111313435271
 364 6 5 4 4 3 532222255555531323451231321234554232211134.1132
 36516201225 81011112222233342334242443113342244222213033.2371
 366 92525 4 42535555555555551245541342221445324252212026.5281
 367 82525 1 32022222333344442244342243322243333431211026.3151
 368162525 82525112233344555222341.124111142214444111314642181
 3692020252520 53333444555555115535142142242243533111202665251
 370161212 31612334445555555311453424521114425444611120262.161
 371 . . . . . .............41135352151213243135.5111201543161
 37216 9121620122233345555552225555235311444424325111303455281
 37320251225 .2533344445555541544451241141444444452211016.5131
 374161520 6 81211111111111123333451242322233244321213036.5381
 3751512 2 4122511123444555542233.42222422323434242212022.4122
 376 925 625 4 .22222222222211421541142221124244351114043454.1
 37712 9 912 9123334445555554223534234332244223533211222453151
 378 5152525 3251234555555555344444131133123434475111405543181
 379 9252525252523.45.3..4.55325214111244143152545211202335.31
 380 810 916 82011123334455541335331241321343235322224144.5271
 3811212 92020 81111222333335224423243241322423415211202215241
 382151510 415201111111122223233434244222244323473111102563281
 383202510 3 51555555555555555155451521422324455252212016.5141
 3842525 92525254.....1111115135151215115114455526111202425011
 3851612 9 916125555555555555114544144422154444355111202655271
 386 915 425 9251111111111114224425234222244222444211303245381
 38720201212 9203334445555554224534234322344423454211313463361
 38812 91020 8202233444455554224424224222242221415111202555281
 3892025 . . .255...........5244435255112144242125222101..5111
 39012252520 1251222334455554324445134242234444555111302544271
 39110 815 512 512345555555543451451151321142235.21215232.4261
 39220 9 616 8 94455555555554223445135211253424475111212335251
 3932016121216 83344455555555222524124122132222355111201624161
 39416162510162012334445555542225241452512442224421214044.5481
 395 916 6 4 42511111444444452235255441222422325232212036.5121
 396 916 915121212233444455533444442243223322344222214045.5241
 397122020 612 83344455555551313434145211424223454111352645181
 398 61616 4 61211122222344423223242233322432323421213022.5221
 3992516 81225152334445555554234444234222234334444211222225161
 4002525202525255555555555555125534234242322424423111203323241
 401 9252525 .252233444444554222245114242232343355111303335381
 40212161512 8125555555555554323445344322343424445111304555281
 4031525 915202533334444555544443511551242411535222211114.5122
 40425251625162044444444444452242542453244444244452213021.5241
 4052020122516253333333333223335523244221234233225111232122122
 406 815 425 612423232.23.1254313331342342334334322224334.4222
 407 .25 .2525 ...........5.41.5435535211555154146111204315021
 4081612 8 412121233455555554213434222242223342424211413225361
 409 6 4 6 5 4 9243.222222224254431111311124214513211211262112
 410 4 . 5151612....4444444452354151241114441155351211011.5042
 41115251525151011333445555545555451352551442431542211114.5151
 4122516122525255432211111114434444345322424223425111303435281
 413161616 8121611113.4444444323434234332232324423211222455261
 41415252520152511111222222242344151451321541345332213024.5271
 41520251525122522222222222254442232222532312334.622210.1.2.1.
 4161212 415 9 .33445555555542424342244224423444321213034.5251
 417 91612 910 811122222333412441551152111234442321214143.5281
 4181212 912 91233331111111142224342442222344234232211112.2131
 419202016251520111111112355511153412422112334353311121245.1.1
 420 4 4 4 5 4 4............54244444442442452455.52221002.5011
 421152525 5252533344445555542151151251.1154111534211212663272
 422 61620 1 3251111223344552422345115142112224523111223462271
 423121612161212222.333..4443223444124222242324425111202115231
 424 125 210 4 411222323333242443151.2132432432532111213222141
 425 8251512 6251111111111114454255225221342525525111202544271
 42616 9 91516 .3334444455553334333333332333333375111202225261
 42720251625162532111111111153455551351422345255432214135.5262
 4282012121515201122233344444224234244211234223413111222323131
 429 6121512 2161111111111113243344234232232444525111201345.71
 4301516 9121612..444444444433432342342423212324542213011.5021
 43112202510 62511111111111121144551354112245144221213054.5261
 432 416 8 1 1 411111111111142244421111431244444.6111201435061
 4331212 .161616............42244332453222443233.62211014.5051
 4342025 315 9 511111111111133244442242222343243.6111303455031
 43515 .12 .25 4.2.34.4555.522324344542122421133552212113.5012
 43616 612 916124444444444445224335144122242323254111222644181
 4372520 61520151233455555555115225142154122223573111333223151
 43820 920 8 . .12334445555541134232343213441313122214034.3381
 4391216 9 5 9121111244555554243452144422152544273111202551251
 44012 81210251044455555555522124242343221431334421213034.5251
 441251215 916121111111111114224454244222243524474111222545181
 4422525 .10 . .22221212212242.44222.3442224..4252111413225332
 443122520 3 6121111122233342332444324224324534354111316565281
 444 92515 215 51122333444554133435144242244333453111222562271
 445121616251216....3.......43343232333433324333.61112.2355.52
 4461212 916 . ....3........41245554455411424445.62111012.5121
 447102525 5 5151111111122335122545125111144224533111202662281
 44816 616 . .151122233344554214445124222224424474111202223261
 449251612122515444.3333222242222252242222242225522213023.2261
 45016 6 425 4 9432211111111512444.532553522435573111122121141
 451 91212 8121211133333333352244541342221224355431211025.2141
 4521012 915 81022334551111151144151151555511515.62111015.5022
 45316121616161612333444445541144451451113522434221210014.2151
 4542525252516255555555555553244533224322243222444111313545361
 455 62025 212 21111111111115133345235332333344524111214652181
 4562525252525253333333333333333333333333335253375111212114122
 45725201016252552111111111141155151551113552134.5211202245171
 4582512 82025 33344444555554213443234322344424354111405315231
 4591216161215201111234555552221555125221434415525111303545261
 4601512 4 . 6 24555543321113144554231212323543525112242145172
 46112121515 91533333333332253333342342532323425.6111201425011
 462 6162510 2163344555555551144551115444112453534111202665181
 46312 912 625 84455555555553211415125211344142452211201461151
 4642020252516251111133333444222434134211143213433111212463281
 465 61612 220101111222222224124423244222422222445111202425271
 466 82025161210333333333334...............41135241112226551.1
 467 . . . . . .............422344..24.22.4.224..6111203525031
 468 916 9 612 92333344445552222444234222224324463111212651251
 4691212 616 .1233333444433341144411422222424444.61211013.5051
 47012 91220 . 81111222233344224444234311142443336111302665.51
 4711615202520203333445555555112545144111154424535211111661171
 472 912 820 8201114455555554255554244322234434426111202665271
 473 912 916 6201223344455553223434244211334223475211202655131
 474 8 9 416 . .4443332211114332523334224434243325112222225232
 4751220 9 8 91211111234555542444342442422433224132211016.4021
 47612252025202511111111234542224221253111542132231211016.2161
 477 8 9 9161612..3.........24342455435545544555251112.2225181
 47816202520161522223333334542245442352212523243352211016.5151
 47912161020252522344445555541445545143242124453.61112.1445.61
 480101612 8 81011133455555541224241352112421224232211016.2131
 481 825 . 3121511112222222243244441443111444244.6111202545041
 482 91216 8 8161223334455554224425134232142223522211202422131
 483 . . . . . .4445555555554224534244222143323422211213311231
 4842515 925151523455555555542245342342332223334232211013.1121
 485161616 412 822223333334442244241442222442224331213036.1021
 48615 9 91212121123344455555214513234322234223363211202223221
 487201616 820125555555555554114515134122254122535111403665271
 48812121625162022233344445541222551442222244245341211015.21.1
 48920252015201523455555555551155352351312544134242211015.5161
 49015 9 8 3201555555555555531225241441111552225621213035.1381
 4911020 6 4 92011123344455522341141221421341435152222001.4012
 4921520201216151111144444554232324224242242222464111232655.81
 493 3 1 1 5 1 51...........53351551251111244242751112014342.1
 4942515 62525 42233334445554214425125121244214473111221212151
 4952525 9252525.........5..51135551551415441555262211005.4121
 49612252525122511111111111142124351331221432235.3111222225141
 4971510 21220253333444455554224445134222144243255211304425381
 49812 9 4 9 . 41111111111114223434242343343323423111213332264
 499161625201520223334445555422443323422224432344311122.......
 500 912122516251123334555555153235133133133423355111202425051
 50125 81225 . 544444555555551255551315541.2515535211202445271
 502 62020 6 8161111122333444232444224332234324334111223624281
 5031512 92015255555555555555144545245244222144434.11423365142
 504121612 912 822333444555542144241342222542234221211014.2011
 50520121210151511223.55555541244242342223343334132211216.4031
 50625 9 925252044332211111133444441422422.4414525111201125141
 507 412 .2520251111223334445214435144352442225543111212223251
 50820 6121510122223455555554234423234322243223355221.113.4.21
 509121616 8152055555555555551155551151111532433451221006.51.1
 510202020 2162511111111124441324441343213254244231211016.5131
 51112 .16 .16163332221111114334423332344332242445211423315342
 51215201620202555432211111151245342232422442234221211015.5132
 5131616 916 61644433222111152245251243222342234.62122201.5132
 514 816161516251111222334554224545144211144344434212222555281
 51525 9 61020 83344455555555222555123141234425543111222212141
 5162012121520 .4444445555555112434123132142244463211232125241
 5172512 6 8 6 643322111111151245531551111243251251114131.5351
 518162025 616201111111122225234435144142142234533111232551141
 5191616122516201122334455554224344234224242344435211232664251
 52016121625121244455555555542245242442122442225532212015.5152
 52116251625 42511111111111142245442242222522245231211016.2141
 522 6252025122011222333344442245332243223422223322212024.1221
 52316 8 91512 411111111111142144353431113423235152221001.5012
 5242520151525153333444444444214545145111144323444111232653151
 5252512 91616163344444455555214444234222244424424211222435241
 526202520 520201111111223444114524134111154142535111403621381
 527 912 9251520222222222222224234412224224432443311122354.161
 52820 912 525 .44455555555522525151351112542121651211026.2181
 529 925251615162222222223343222424234212224223423111222635171
 53016252020 31021111111111142235151341111443335321213034.5261
 5312012 8 416251112444445552444224124322142423555211302.45261
 532 . . 220 416............42334552342.43424452.6.12200215021
 533 416 8 5 6121111333333332222434234222244243324111404224261
 5342525 12525252224555555555324424115111123222144211233345261
 5352515 3 1 4 912334555555521425351241221144545231211016.1011
 53625202016102512222344555541234351241221321335221212036.3141
 53712252520 6253334455555552334343124344133344353111222523161
 53816201616152044444555555542244251421221442225452211026.5181
 53915122015201522333445555541145142352123531414322214045.5461
 54016252520162011111111111142244442342222422424242211015.3141
 5412025202015251111122234554141155111155131555545111212665281
 54225 9 1 1 1 111111122334531224451421323224324621211014.51.1
 543 92516252525111111111111.3334233342233333334.6112200115012
 5441212 912121644322211111142325342343222442234322213035.5371
 54525252020 .25............51155151.51.11541455.6111200215011
 54620202020252045434332454352154332252121342215.62221001.5012
 5472025252525201111111111114211555244141422222555211201335251
 5482525252520251233455555554235535155111114212135111203555223
 54912152012 4201111111111114224245224222222344473111202542181
 5502020252515253332222555555224544124232354223564111222332241
 55112 9 912 9 94444444455554233423332322344233365111201212151
 552122012 6 12011123444455542342451331322444245122215044.5281
 55310252512 6 81122233444554115551122511414252142111212651261
 55416 9 9 8161244322221111133325142.42222332334.32211111.2141
 555 3 8 616 6 24444444444444244424524222224223235112212425151
 55612 9 6 312125555555555552223424244222432222565111212445161
 557 925122512201111333344455234434133332142323443211212463281
 558 9121216 8 8112233.555554233444225212443224443111202662281
 5592016 92025151111113333335224244224222242424435211202231141
 56012151215162022334445555542225341352221543234122212024.2011
 561 5 5 .252525555555555555421242..153113322223262112024450.1
 5622516 420252523333444455541154.4224111442515525211202555081
 56312 8 420 . .2223344445552114234233222334333424211243215142
 56420161220121544333222111142455232343113242233521213025.5161
 565 92025 4 3161111111112223214545144122143233533111222553151
 56612 9 . . . .............42343232342423342234352211013.5111
 567 9 9 925 92555543311111152225252241522242421512211132.51.1
 5682520 912251522223.445555511253211535.154323335111303614281
 5691616161616165555555555554234444244222224433435111323225241
 570 916 216 41611111111113242444442322242224224.22222101.2032
 571 .2015 4 12511111111111114442255122541545455151112022252.1
 572 5 5 1 5 1 5............32234442442222223254531211033.5161
 57312 8 916162011244455555532224211343213441223421213134.3181
 57412251616161544555555555551135241352214542224121211014.1011
 57516 9 6 416 .4444444444444135244532535124425534211222335.71
 576 920201615 .11111111111133333333333333333333351114.3215..1
 577 6 6 92525253333222221112124445144121224454426111202665161
 578 616162512253545........52.54124.4212532224255111222125222
 579 92512252525555433.111115115515145351142151533112221443152
 5801610 9252525....3.......4435445135251152425236111202225031
 581 61012 5252022233344455523423233243223222323751114424.5222
 5822012122525255533311111115115515215223232232434211213215112
 58312 9 915121255222211111142244242.42222442242252211013.5141
 58412 912 616 91111111111114224544134222233434533111222422141
 5851220 9252525............4224455214311145314335111202225141
 586202016252025..4.........2224445154544542344545.11401215032
 5872520161616204443322111115225434144122144323452211223442132
 588252025 3252523444555555541535351151221543135222211014.2021
 589 916 62516125...........4324344344422344223446111201115.21
 59025201012121544444444444452244242242222443224352211013.3021
 591 . . . . . .1111111111114224414144144244341324111222442252
 5922520 625 9252333344445552224224233242324323424111411112132
 593121612 6101222222223334442244332342223443234362212016.5031
 594122025 8161222233334444532334431343223232223321213034.1021
 595 112 9252525....4.......5124543234311254323326111202655081
 596 610 9 8151222223344444444222442142222244344321213134.5161
 5972015 82016201123444445554223434224222223343264111212525161
 598 . . . . . ...............................................
---------------------------------------------------------------